Platform,Focus Area,AI Integration,Job Placement Support,Target Audience,Market Position
QuantumScholae.ai,Skills-to-Job Pipeline,High,Comprehensive,Job Seekers,Emerging
BYJU's,K-12 Learning,Medium,Limited,Students,Leader
Khan Academy,Personalized Learning,High,None,General Learners,Established
Coursera,Online Courses,Low,Certificate Only,Professionals,Leader
Unacademy,Test Prep & Skills,Medium,Limited,Students & Professionals,Growing
Udacity,Tech Skills,Medium,High,Career Switchers,Niche Leader
CodeAcademy,Coding Skills,Low,Limited,Developers,Established
HackerRank,Technical Assessment,High,Assessment Only,Tech Recruiters,Niche Leader
